1.121E+01 5.537E+00
2.022E+01 3.492E+00
2.928E+01 2.329E+00
4.319E+01 1.523E+00
5.773E+01 1.173E+00
6.458E+01 9.863E-01
8.605E+01 7.826E-01
1.133E+02 5.709E-01
1.353E+02 4.815E-01
1.575E+02 4.182E-01
1.794E+02 3.655E-01
2.064E+02 3.237E-01
2.280E+02 2.884E-01
2.709E+02 2.433E-01
3.152E+02 2.077E-01
3.589E+02 1.834E-01
4.029E+02 1.656E-01
4.502E+02 1.475E-01
5.225E+02 1.245E-01
5.831E+02 1.126E-01
6.718E+02 9.917E-02
7.898E+02 8.501E-02
8.910E+02 7.722E-02
1.013E+03 6.707E-02
1.197E+03 5.880E-02
1.300E+03 5.328E-02
1.390E+03 4.815E-02
1.669E+03 4.304E-02
1.994E+03 3.739E-02
2.227E+03 3.405E-02
2.554E+03 3.091E-02
2.868E+03 2.804E-02
2.903E+03 3.182E-02
2.926E+03 3.846E-02
2.955E+03 3.363E-02
2.991E+03 4.124E-02
2.997E+03 3.500E-02
3.047E+03 3.875E-02
3.080E+03 4.285E-02
3.264E+03 4.260E-02
3.980E+03 3.995E-02
4.835E+03 3.797E-02
5.959E+03 3.610E-02
8.162E+03 3.364E-02
1.090E+04 3.088E-02
1.365E+04 2.903E-02
1.899E+04 2.670E-02
2.943E+04 2.386E-02
4.085E+04 2.086E-02
5.922E+04 2.000E-02
8.476E+04 1.805E-02
1.200E+05 1.686E-02
1.760E+05 1.594E-02
2.377E+05 1.511E-02
2.982E+05 1.462E-02
4.678E+05 1.365E-02
5.875E+05 1.313E-02
8.242E+05 1.244E-02
1.050E+06 1.198E-02
