3.131E+04 2.364E-02
4.144E+04 2.216E-02
5.636E+04 2.061E-02
7.397E+04 1.929E-02
9.846E+04 1.815E-02
1.456E+05 1.666E-02
1.848E+05 1.594E-02
2.296E+05 1.529E-02
3.085E+05 1.461E-02
4.081E+05 1.384E-02
5.378E+05 1.324E-02
7.507E+05 1.249E-02
1.024E+06 1.183E-02
1.342E+06 1.131E-02
1.791E+06 1.079E-02
2.352E+06 1.028E-02
3.109E+06 9.890E-03
4.438E+06 9.410E-03
6.103E+06 8.970E-03
7.757E+06 8.620E-03
1.031E+07 8.250E-03
1.368E+07 7.980E-03
1.830E+07 7.670E-03
2.413E+07 7.400E-03
3.015E+07 7.200E-03
3.554E+07 7.080E-03
