Temp.(C)   eta (H2) eta (NG)
     0.0 100.5614 100.3543
     1.0 100.4845 100.2729
     2.0 100.4066 100.1899
     3.0 100.3275 100.1053
     4.0 100.2473 100.0190
     5.0 100.1659  99.9310
     6.0 100.0831  99.8411
     7.0  99.9990  99.7492
     8.0  99.9134  99.6553
     9.0  99.8263  99.5591
    10.0  99.7376  99.4607
    11.0  99.6473  99.3598
    12.0  99.5551  99.2563
    13.0  99.4610  99.1501
    14.0  99.3650  99.0411
    15.0  99.2669  98.9291
    16.0  99.1666  98.8140
    17.0  99.0641  98.6956
    18.0  98.9591  98.5736
    19.0  98.8515  98.4480
    20.0  98.7413  98.3186
    21.0  98.6283  98.1852
    22.0  98.5124  98.0474
    23.0  98.3933  97.9053
    24.0  98.2710  97.7584
    25.0  98.1452  97.6066
    26.0  98.0159  97.4496
    27.0  97.8827  97.2872
    28.0  97.7456  97.1190
    29.0  97.6043  96.9448
    30.0  97.4586  96.7643
    31.0  97.3083  96.5772
    32.0  97.1531  96.3830
    33.0  96.9928  96.1815
    34.0  96.8272  95.9722
    35.0  96.6558  95.7548
    36.0  96.4785  95.5288
    37.0  96.2950  95.2938
    38.0  96.1048  95.0493
    39.0  95.9076  94.7947
    40.0  95.7031  94.5296
    41.0  95.4909  94.2533
    42.0  95.2705  93.9652
    43.0  95.0414  93.6647
    44.0  94.8033  93.3511
    45.0  94.5555  93.0236
    46.0  94.2974  92.6814
    47.0  94.0286  92.3237
    48.0  93.7484  91.9495
    49.0  93.4560  91.5578
    50.0  93.1507  91.1476
    51.0  92.8317  90.7176
    52.0  92.4982  90.2668
    53.0  92.1491  89.7936
    54.0  91.7836  89.2966
    55.0  91.4004  88.7743
    56.0  90.9984  88.2248
    57.0  90.5762  87.9890
    58.0  90.1324  87.9478
    59.0  89.6655  87.9066
    60.0  89.1736  87.8654
    61.0  88.6549  87.8242
    62.0  88.1073  87.7830
    63.0  87.5285  87.7418
    64.0  86.9157  87.7005
    65.0  86.2663  87.6593
    66.0  85.5768  87.6181
    67.0  84.8438  87.5769
    68.0  84.0632  87.5357
    69.0  83.2303  87.4945
    70.0  82.3400  87.4533
    71.0  82.2972  87.4121
    72.0  82.2629  87.3709
    73.0  82.2286  87.3296
    74.0  82.1943  87.2884
    75.0  82.1600  87.2472
    76.0  82.1257  87.2060
    77.0  82.0914  87.1648
    78.0  82.0571  87.1236
    79.0  82.0228  87.0824
    80.0  81.9885  87.0412
    81.0  81.9542  87.0000
    82.0  81.9199  86.9587
    83.0  81.8856  86.9175
    84.0  81.8513  86.8763
    85.0  81.8170  86.8351
    86.0  81.7827  86.7939
    87.0  81.7484  86.7527
    88.0  81.7141  86.7115
    89.0  81.6798  86.6703
    90.0  81.6455  86.6290
    91.0  81.6112  86.5878
    92.0  81.5770  86.5466
    93.0  81.5427  86.5054
    94.0  81.5084  86.4642
    95.0  81.4741  86.4230
    96.0  81.4398  86.3818
    97.0  81.4055  86.3406
    98.0  81.3712  86.2994
    99.0  81.3369  86.2581
   100.0  81.3026  86.2169
